$ANSIBLE_VAULT;1.1;AES256
36333639393737343438323731303232343032383837363036396436316537373566376464316266
3262336234623130396136396430393863326566613161390a336466303431396336643538373635
37393033663137373363656236333834643664363636366435363835313561666637653266383761
3333643438353563620a303732323739373436636565633930333966376530626332336637353730
62366332373365666361356137643336386234356434663037663730343637323037373037326565
33373636333839396633646432613134396366663938303337353033383439636632306230343834
66646461353966626361373861363637316330323964626565626331303539316333636636633630
35653961356663636163616630323531633333613938313465323961393731666265386238396461
61343137663636656436343733386232613261306235666337633939663735643537353566643662
30363638656333386366333537393762366136663332333366643736643434346436313365646138
33373231343130353061643661623034613061336533306535666561633832353630356234343164
34653935663531636162313664336565313664626662346463626233653338666638633364643735
39653561626435626264653561333562636565326463313438366461373637326636656165316137
65643839623436383961336134303662303565653761373736663536393865376634373762353533
64313066373137366165353462376438323632393235663738396130373561663431376236336364
65383333643230303336386566366362346561316237376537306563373532366561626438633962
33663766363736386133666138623934353934663262663739306233326364613661333738346435
31346431333364363466393934623466613336303335656663383466646366643539303033353161
63343664343535646462373863396237346238346365396663376565333032306234346561353764
65336465663462363133633031336635363066346538353866393662353635613432376131343430
63356666636539303031313034613538373963656333376630303961613931616361326130613033
65623231326133303264363263326364346438666162613332313564623965393132613130346635
38393831636465316462623364633736633765663761613963376561323432333466383830356366
36666561626661653564396637653065326437616632333937643332376232366663316138383435
61373262386564343232333965356232666536396265653466636261313338336133653734633933
62646139333365343335656132353266636531363236363133346131616232663564333738306366
32363034656431323638393036323936396131313362653765636265613431633039323831616131
32396230366631343362346435383439393063326636636135323338626233663732623139353134
30373531336433353164363437386661383738663964353830653433656437666131613337363866
61653730306234346566653932383131333166383439396561303035336665613061343239616565
36633531326437646439613461323932623033643338353832343963663536633338653365316664
36316632663262623766393736343062636534343531353661613539383639656362653761336530
34653431643536646430316134333335623336356136363536636431356264336639616666356263
64656536656364303537383365643461623936343035343233393430366461373061646265313635
32373666363465653162613835303562303031383066323737393831383662613465643165346134
33663766633530393131343764333764333337363562656531306665646438353530333862323636
31306338653061613935373439303231323562343532613631353639346630313961323363623530
35396465626237616233393361343530316235346538653932313031323338386631313835383735
32633433356433616361663139336439383131366539613538613233636431643033343839636166
62616134366537626133626637316333613333306234303639633837333031616232306530306138
65306137306239313332346335653461376461343438353139353939326537306463396332316437
30313362303731623564656135346331633931313036306461633564393539333363303463616232
65343765346136303363313166383430306166333036306162313531386339666131363363636162
32353563356435306166363435373031663932393135636130653866373835353631623337626363
32363330366262643561396164623361656565393764636532366131353463393863633733353862
33363535363031383431623064643534326135353761666435663930393835303031333239613665
65313462643836333465396235386636663937663638373135383066613634383739336635376436
35346563343334323130303631316364323766613033343237333035373166653462663736633032
61333238333362323563326636656539313835343361663138623636396531636436303737313562
62666162376266646664323064653036393732333532643665333237306261373234323730643362
36393761633662356433303361333536636330343239373761326464646337393137343362633830
62376564643861306139386436636263663264333063653366306464636262656263366361353631
38333432366530363637653031626234353130396330316237366266326330373064623366313533
38376161626662306534333332326537333338613862313835393861353837636539363363353731
35383437343838366431616631623064313637636436376637353739326662323533396534646666
36626533626236343762623238656561626639353264343265376533613030643437316337376133
34363865326262356365666533363165383366633237646430633833626565613631303135666566
63663662386238353333643636333736393839333364353136336133343962663138646231393761
30323430343061396631396535326436386263366234626231663338376561353166633333373464
32633936366463376662333761613137353964376164346664653564663964373465363632386465
34363830363334383666343235313739623530636336323561383364626362393961663265613431
33613033383431653833366462343732366365383838396531353863323236616531396133303766
32656164633631373936393435656636636637386234353030616331313338333932616163623036
38336630383732396631323661333636663439666430353630616164393930323434326439613133
34353064333232333232343534393164666336363630326366643066396235393435336633363562
36643832623436343633333130343330383063613062656338333465363938613137623164333566
31623735343430353739303633376135326537643662653263323931666335313762346462386431
39666466356630613263336237613135623839653564393061636165643236656333663032336230
38653731396633313432623338393463333161666362306466633630653464316436646632386663
30386463326266333562646464623765353665616538393634666465316631306335633933366233
34336466616632363531626636666133636566646338343534323566383733373935383930383634
63346364343633663234643537356363323865336237636639633230383465626633626530643139
65663338373639353138636465316430663739363766616564386234656164373934643263636132
64653864313537353134326662666130383764366234646362643439663265633864303832633464
64613438633263323765363231353363393962393665373964373134613932376136316231653465
64626437303530363332396162636266346630363930313866633961303661366538613338663864
36366265666431636137343138363532366534653364306636633338373161633038653033346136
34646165303339346161633261333863663330653061333962623031303130633632646635643434
34666235326362346335653862316239656634643064303737356638653133646438633039633832
61663363396336323831393930303030623730396436633035383664636136393963656334656163
39376161356435363330323838613164633530393636663463613966346533393566663665613834
30316535373638333436353164353430663838613937633436396535356237363066323532626264
61623231313265633534656537616133366138353964653035373733393563373365376566623562
39333562613361373436303230316533646161306334326130626261626664336535623365353365
63366230323233376638303662633561643036333231633530623638646430616638333837623162
63633866373364356361303332643334636134353830633763623963373038623239316262653265
38643436613361306661366361343934356264356165343465303165633965363839646537393335
39636565633735626164653836333966373137376663633061323734643739366232393962333166
34396130333164323130393339323530636662623961616232303466646665313963303034333737
62626135326165633333303531656438363232643839346333303537633930373239666434353164
36306130383464653737366261393736376630326661373230353039623638373662643564326334
38383633363735663964366635636464306134386166353131656235343562656364363537356132
64613962313535343731656134396166356364366336313838626166663466643265303833653533
37316166616134653038663265333631376236333362346661643666633263623262373761353932
33316439643862383261373462646438316430383735666435666634383163323934643737313865
63643335393135383266396663373238303536353064376462613839393838393136333337326633
30346466623966643661653661386335343730343662376632386334666532613334313235336661
38333935306239383765373137633764366631326434323030303566633337303563333030343734
65353638323962646234373239366365393831383333303833336237333430363863396539306636
63303663643937623162663537626463386230636435623039646430616465376337376663326462
33363236613161623339326537363638633065396437386264323361646331366332303137396238
37346333303432343532326432323833366331323366633832616265343933353263396662323132
31353131363133333863653839646630373731316532633431393431626466346464353338653232
66666239333730383338646335663564353262316536356665333732353064663334383731383533
36643231346438366138306533383830353130636433663763396136636337396631623566353934
31613932633462323361613733316136343630396366656434653064386566396530336463336434
32343930326438333639326533613233633934626365643265333132306665376536636330353339
39613437336361323962316131653137306334656165336465373538303535353339643666323838
37623166643564656537653133646438613833313161653633396134653037333933393131393861
39636531396361643263343961636138623561373037356134633934303266363031373165356534
66383434346436353165326666353265343162633236373734663638666561633133303636393539
34393731643936353538623334306566383230353636363766613633396263613737373632316234
63646638396166333439623964663565313235666638666539396239356433303966646535663239
31633332633439383661633231336534623030633161663963663331346261613433366530663964
65373764366338633530366366643063363134346538663239663466636132323063383566353866
31343563383734653732623434356631613732656631393138626532303739343066386364323439
37633637623732643061383432643662356130323836623139353930363439623336643938393361
37363062666337356632666561656362323166646437363132363633333735346533326335356434
36383464323635633939303636656432303336333266353936323264643466656337323730623266
37663431613633333534396137376665616336386536646438323266313966346661306131316336
33656535643231393032313461303566313164356433333534393938303439303535643336663137
34303239333435663665376431396333386336393838633230333435376630396266666664383233
36633332366662373634386631626133646132626435663734393566366432383264653537643835
39633433373034373766346333356437336664623939396333666634323235323031333563306531
65633563393963316563633734346334356137666130363864383838363265613562666131376564
63313635333030373130333730623038316366333539353331663064343036376337613430393738
38333731623464366139316339363164353664663062343566643839633662363534633833343233
61336665336333636334623861373636373961666462623466623835626337646538646464343866
61346564633136333438333830383366366563613339383533313638653531313035616661623664
34393262376566343864333864613662336530373034336235616138323531326562633331336237
32393236353133623961636538313733623866653331336564613163623761666634376266383334
38353936373463376539393530373464393465653836643061313265313332306537366131303835
35313730643466656666316131313665656637393033353636663031656138323766313834356431
37633263376639666233663761373932626466316630626163666534616465356133333530306439
30393332363237346663386132393562633336396637336564303230363531666235616634343239
62616663393762353338396464393365366534316638306661353933323732643161363534356164
63343561373031653130663761316535306630353737363430396565373438363233306562383664
61623666316436323266346630373735396530313738636664646338643831353066383138613265
32313637633966376361616437643638373062343062396130386266373466663861373063303138
64623230363631633930646330323936646135613130363938356339663235326237323638373735
38383236346333326234643663303163653965386537393033303962343433343234366330373339
64303237656532643861646233356136323237613839376130363437613135383165353234633161
38313165356238343838383035303861313861633263316663353037656262383862633635323531
63663665346664646437616263653630383263303163346566316261383662356561383762303736
63326361646361616539656430353237363030343739353962343465303933313234643437373834
38376634386464353431616165316533306232633332623831353766643138343039346463336430
36353062613434356430653164343662373966666531333739336663656562653632336532323039
33383833313335623963623932353233323331613761653439366435353061366361373165626366
36633532383564356635396535653232623562623462623965313039636332323664666138656136
64383737653763626462313830353362383334613531323935303437376235666538333738363865
62396461653762616633363331376339323831623564313964346634383935313062393031303034
38396664613561656630343930306134393633653230616532396536326462376636343137663064
66393461383164356266303634353631343333373136623863616161306466613966316239343065
37333230666535333837653862623861376561396538323037326633323034306630653763323230
35393231643335386537313433373733656432373031633562376665666333616465626136326633
32396531303034643163663535343039633930626630393335626366393562633230333433346137
33346136326363396438393537326135626261376538343537323635396435353638656336353232
34613765633339613535646336303733343463396232323635663939393662303932646633373833
32393066643034646133666435383334623932356138613064343731343631336261366632353839
35633538333035623533313562613730613330383761386162646230616639626266353636383566
66656336376465373737633838376164333733356437666461306634653430346335306666656662
62633230323466336535646465353165356638303931386665373738393936346634306331633461
30306635303861373034373130363035363963373364303361306336633137353431633634646636
66303863633233306539386432343431313934633663373365366636653438656530366230316231
32396134376330346530333834393836646539366238636432346333383963313530386162326339
34643536356638343539366164626133346132666639376635303035353034303338613536333737
32323134646436303538626237653737386566316639373339323534653133643235336432363632
63363734623461303431616366333638653965623262396332393766616162393237346664313137
36316165366562643933303963353835643265353630626638666265303632333537393035306666
38373464323664396439643061343765383166343665313565323432613865316662373439393464
63353638376131636163383262393530623266336534323036366338316330303032396335353639
32363031306365643938336264316432353736363633383839623864663336646631393966613739
30636163383031653964363435383666623266393536626536636130653839626133353336636435
61333064663162616331306166323430646430333734336564613764626234376633646230316238
66393561616633356566383462306631303934336333663138316438356531366466313937666363
30663830336464633363326461633561383737393761356461383035303833646564616263663437
64653335333364626534313831323962393266343130396166376262333166636262393636663063
35353262393438303238343065663562613364663238616530383237653364323762613566353333
38346231653232643831373932303863303366346239656435386331643564386231666362393066
63663133373935303036653737313930333635383339653132663765353238323135373137343630
36333634633666343964323436386237386261303564643132613334353764626237663239396538
31323462333135613037626161643062386139613939313034323138363764393562363761323938
36663530373462663937663766323062383661376263653065636334316336363161643434643062
37396536616337353036303066616162653133613362326630653936373234643663353432393139
38626233326563346263613235343137386237656264336666306163356336363036373832666266
64303339396462303638376634323162313566313264623338613932363634383163616563633530
33336262626130373563366638353732333538663632626635636132323465303538626566386137
32303436613532613938366330343330373765623539326232376666643662636139636161393834
34376535353164656133646532316562626231323464373033643730383066333161373633636364
63663464386231386166323733656464386334306336313636656163366433323865366566353230
65616539333537343636636233376238386635643264383433336130363131623763363566303333
61663038366236373863323764636130613032373931646533396236616164666566306530316230
62613162323564393062626235353164373161303232626432653637666436353361303463666562
65623661346638656164633062323838343235663139326465663933323635346139336166663364
64643237313733356563393831623064636134313165666665373232653966393565366233663134
36613465646666623564623636623763316335333237666430383862306561386433333731633961
64353065393165316138653430313462373631356466333565393464373239363364656361366633
30653830626437383632666231653135313464333561346432623932303265623636333863653231
63306161616265643936353534393432356639666634643161343538326439646466383331633231
36633966323466306237643963346566376430343936623030303137643330393263326636663434
38313437656532653563386432626631636564346433313533613834633035356133326238306235
63326235333233383639356331303937666365396333383064633438373162363230353962383465
39643032323832343365343237373733616266353639646164663064663832663262643261356461
64646462643362333237393033346330353536326266363066616438333864303339366131303330
36373035353038326266356437626139643932363038333437326336643035646437373861323739
64396435306234633937643637303433396235333134666535666361346330653539633231623266
63623836316465653833303263383364353361646463646635623139396261343535336464653361
61643333656366323031623730653735663835643731313766323038383431356563313234303963
33623639343930343932356534336434643430313738626232383463323138396463303861653737
32326237376539623965646531303532383734663663613033616532383331393637323963363139
38363465383930663965383834343666613966396466386562373935393938336435356465386362
64383636636536373836363561316662343231666164386130623437323637613633313736383135
34323232303665323066393635303039313437663666316332666563643065313964313938666233
64336331383333356464346638336237353039376365666630376533616131316464386432306564
32343264346565666536333865363038636430633061633230613365346364343461346634646436
62306130353164613433613161616465393935663039303831303834653939393434653731366538
31653138386165373533393730663638326266386434396131613037356331383835386131376261
63636232656364613466313430356232653563663862393138653166333766666336653134613938
35396338626233626264623963623966363961616633303661366230613561346135313334393435
39346234616635636238643538303434373731323965393538666139646364366662646265633636
62356262303436333631333039653232313638383635363465353863323934616362343462653037
65643036653662366132613061636166633431623233393861633138326430373139303736376137
39613633323563636161333439616231633033393063373766363931653664333730366138346531
36363732366330376232303636646130303562363534343964643936333865313237333063646232
65326535326432356637653536376366623338343362376338646634633564336263646235653239
34383131663361653165353437396665393461656331333431333434323266333231373466386634
33333739653139353639386239653531663761663363393738323837393364623530636263316131
33663031313263653466656332383032646563383632323239383237356636613939393135383233
64303638633263353030333632663338396138343737643334353265326231323639376136623766
65626564393234646231323837323662393661633537363361356435393930656333336363393166
61303532396236343265616239326439343039343962353966626166353234313537633463306630
39373236346439636538323761326533653433633962303535373635336639383532353431366666
65643864346562363130613363376363363165366534626261373734663632346135636666353264
62366132616431326439653862623732346566393232306134336262373965303831313037306438
38623536633737353230373765653663373936303062643766613164306333393634376632663631
36376533646635643164306135396331353935646666613635643865626238663166333430346430
36636436383832646164653633653030366561646235336537316132393865333665636131623537
37383461396265373362633265366634333731333836353630613262393936663133623430636435
30666166303337373339323466663466643765336466663335383231323335343134663433353634
37376566666335336539343937353736656437343232616238376333333335646133633465653262
33346662316564373532636436303235343437316161363535343239393366616362363631303836
39313339666439633562373866343239336163313631393261663163313330393766643565383161
63646461623838396164383363313539303733303262396362316232333963643064393236633263
33346166643739366636643337353061353235633262313261363933343830393632326235313431
35383862623035383665303262306165383336363737633230303539356430336234316335633866
62636535643066393464363234303761666335316537623731633735626139353364333834366465
65386132376162333661313534636464333833653330636661663233316563653831346362343161
63636336353231356236626463336166363764623432643861626534626265363665646562303334
66656165353764306433613731356337643331396330343065353466643936386663383061353262
35336337393835343965353065653065393864646534383638366436656462353538373365316137
30356638353333616132613163303232313738376563613037663462343930313939336637666261
32323033663930383231323330353834326138613665633064623339383938663436656537333964
37366366333230376561343535366437663934376337373962623434663362326131386433626361
38306135343433303939653236663665313633353063353437333464333936346432653762363366
62383666316139343437353831643033613564616165613139633365616339623966393766373133
63333863653032353764363461313939333762363666613930306537316364373638313231646465
61643562656465363130363037303566323462616565666564623462663531323931613039636239
62653162373436343838623339633032353437653965366438353637643334356264386636373430
39623165373131386465316137326462353339346330316261363635373266393338326532643931
31306561353535383135386531356364643962656564386332633538343736336239343838663330
34313832393561313336396633343162333539383733383134326439373934636436653339393233
32323436356133656361346632663765636563316264303962656333366231316336303261356562
61373330343565656234666132656464363436623962393064323636393961393563656232323564
62363630333735326666353734393863313165633535323335343138663436306265313432373830
35346637333465323336323161313738336563653461386636653730636362373561363634366435
34623336656365346337623262333535366133386434303437646138656361353035306136663833
62386166623335643437383766316334343331643564356162343634323531303132346530636631
66346164626665363864626261333862346131313861323138323536393439363463303935336566
63393136336562383336643565626636353339343962383134393830373232616261393162633037
39656339653364396533666531383939306462303566396166326438313933626665633139363336
30623231653435313435316238663638633232333534396262626664633533346331366632623434
37336431643466623937396332373336393062353866333461383138333730336335653334356163
63396361303838363665396532313436633232343134323438393764363231363938383565663132
32333964316432313532323632666433666462663435366363396563656564333461613961303330
31376531343038353837343936353830643963303839363064646661376634636234353538336231
61313663663662626637316361323730373662373534363436313634333933613765643935383034
30356365656166633063326433363633653736656435336633366537376661326630653063666632
64643461666434666264626132376537386464373236373261613638363531356634656463353461
61313761346334633363386365663366346538383532663536316262626432376534656236363165
66313735653065316633316365636639323166616633663633646163653037316361353432633461
39316332663665376138333134316430393730343934646233633864666438366635393136613838
66393865343133373764313233633730313264633662626133356638363636653731323135313530
62333461333234626336356362336361646234643363353831323565633535326563656630316165
31316235306466313938643335646462626664303735626331656237363839393232393561656362
64663066323137313237386535303266353163333961643565306366303066303264313738386265
65333432313335343538643837343535663663323264383639303032613166633761646561633435
35626262343738633864303962643562653966656532363333353832373432386438656336386361
63326663366239303162626337323165326235626539616631366565396665313435333431303064
30653366636135366362633439336333616130356162336261316361333162333237333565386539
38366135623834313734356264343630626366633861313366373665633933313866356233316264
39363562623463333133653830626531326239653866653037346262303537316465333033373835
33376337633630386565333433373537353133376666646139323530303162376466353931383735
31633936306539386562643732363863656364626366643131356666626332393033306335383031
62643265396431393730653230343563393734343536653466663862633834366463346338633134
64323335643661393464363335643837303362643839643437323762333533336235313632643433
37373437653438643364373664653837333564323135613363313237313863623530666534333131
33356530633830346266366364363461613266636565336266326564363264633534343533653232
32616138633262643963323435656631343161633035396432633966663461616531313632393461
65363736636237623066386361393931653531333239303635623631613435363139663331343763
62633235613037393865636164353233636164343562353532396165653133363135313961646638
37383962373266313866373464643638356664323033643164653762613837366364366439363733
38616331313539383839666265373730663065303332396638616365343537306364653235373531
30316161663337666264393661623533363662613532396633323761373534386433323335366333
39643566316634333161316462653431353536353336646539613231663162383936623163343239
32373764623333333662333065353534616331393038396265646137396333353335326463326536
38626464646465303464633764383564333732313361376333613135363838626336656662363731
33303961356665303734346632616465393739323761303030656632666636653234666439653634
30646333303062396264356466303632643734663936316166386438363166656433626363636165
31383632376635646532623134666234306564343032653532333833316638396161326437353630
39633636376662323961396465363564633265343633393933333539653765613465626466333363
35343939313831383062336465396165633435336561646438343063613066396334396165393830
64323831646336363238313238393664303230323263653136316536623637343832343866353733
35333661306237323932303430306565313632623936356636303538396136306236303665326464
32616637343531303065373632316563626532376362343434333531303733303833393130636532
63353833353033663362333636626364373739366237613965316466636632383335313666353733
32373539656233333230393530376538626435313035383865393835656665366534643937386164
63316537336530336137646433323364613239333365376265323062363261393331636363303437
36383132646162323861643766333235323734336431396339336433313839363438386133336465
30613465343866393966306238336531326164306530343236303837356231343464306635333162
39363761613366653737623963386135356334616638366232376634333963663639663031323066
32393631343530633164623536613839343964663165626233363231386533646234316634366439
37613930643332623466373264356261336366353331356463663233396263313863653634666464
32633338343731616130353666643033343132656336663634623036396231643031303332343761
66643337636662653034653763356164346363356532343439306334633338366231663564666265
34323437323038373530333931653331313935396431363037343966373539346130626536623765
31306365313463343936316231303730653962303130343037383865323131653161633764306634
37343134613432316638346562373139613935633332623536663766656461656631633230646266
31306230623733613133663464353565343833343461333665336531346261333637623361303331
32643565333637386130363936353035643132626332316265316233623039646533613034316134
35613765303964643534373837393266656139656639336561636562656231306665336462356631
33663165626434656563323537323235366162343761363136383265303230663934323262326634
66393461613964326235333465333937623462666132613738656661343438316232343837346431
65623364616136313463316130646538653637383133386266303138386362663334323632393466
66356662373162626461616631626630373062333134306532666164396134663137366432393639
30363230316537616361386236383730633638663633346563373966633061613930336330343462
34323166646461356239646262646336613935353330666636326339363165633935663963646331
63656362373862313231626531623739613163363761346265316533623261646165656331376362
39663562636533636135323933623232653965666339656566313534636136346437616663633365
36303837326565383832663337323431376463616330333631303436326138653031663138353164
38306462393833333030643039393036386434636431326262363033653836376436313234366636
66336164383166373932323330343437303562633231333662323731626130373037363965333038
36363037623964623263303930313233633630376266623464643333353037316139353731643062
66613335306236343338373761373234626363636133356431666637316235313936333633373637
38636633613763396536613135303731373634623830636666383964656437383730373531306234
37333137366530373638663163646537663366646564333234326431633632333831353230336663
32623638623839643465363630353937356663363438323866353532383062306366363866386266
37626531336136626433303861663535343934623563323237633962626364373561303264663237
31373739323963626530653933393564326661323934616531626331666364303436323134616664
61373933613630636462343834383632663833333738353336386337333461363438633536626636
38343537643532623730623937313363653763613338613664653836633737663664626339333936
65393431663038373131626136363964363934666133353837613537663132303130666134313763
35363534323961613566396662346464623036333332333539323133386238373730383030363535
62316436636536636361646561383032626662336165653638626231303262336232386664343763
63663936643435616431316433313666636132393332613932383166656232656230626161623461
61393433373237303834373063396563383635333161396465613132346535323762313735343931
31616231356237373063306631333466316164386362316235316531373237353636373238393534
35306437656538333731343537366134313236653065373131303032393438653738613733363738
64333231336233343934313934376132313531323733356538393138633762383966366330393064
62316335313038366238373739633737303562353162353733363261333338373363353539316462
37636230653035376234386334636364646637343736316564373239343162633863316538393266
61393831666366376362323630343535623665653238303335623832623732633032336362333265
30393937356335623739623837366261303037343338323663316439363237393866616661653737
37373330656164666435613366643937643835363965393665383037383661353135343537363035
37366633323866386130366561636433303264613931613330643934333539393234633933333165
30373464623430383165353739396534623036656265393632343533373261386530333765663164
61363234316662376465323138383733616266623538393863333637663965343534643062386133
36626463373233373366386264653434343834306631343238393761643362643033333263383536
30316632393462353831326537376433316662353836326434353331616162363139373661393930
63313734333639313538336266383864343439633736396233333764643339376230323338393138
64353130663164326564323738306130373364666338353164613536666534353131383065643632
39643230383437626330633738346465353861306534366166336339303862303539656634363036
30383331613436383866633237343433356335323234646265396464383965386436626136373438
66616566356336303036353433383435376664663634613732646232303935356237633536356566
37373433393663396665396664656537613463633435393538633239633939306430613731313135
62393034343532373666623635646238366231323735346339623834636162643965346265313435
32306234613432386464336633376464613633326462653837623162373935366338383733623834
37653430316430663162666334346665363562663130366438313038663138353465353061613336
30386261343064353438663433613537326338303765373863613462326139306164383336336137
34613934316561356232326431393639613731373232636461373434336665346263626134363630
34313266356234363231313561663539343635353130323161313337313933333165366136643664
65363730353531626631623238373661356536656535323431313337346365353865653765613835
37646564323230306236646531653632353232333836323736636132303536616638653238666539
30366436396432343739353763393137366661626632623231366162633163346232636461656233
36356634346264663832313162303262346166636239326361643234656564636137326630656661
31323837376661613266366435366238363665383231366630663730306438336161633761316236
31653065656334633732666565663831653132353730323232303162373934653533323138336433
33633035336335633734623737313237306330663864313930356663663435316337646630393337
34383762623765633362613439363330623233333530633463366163333539623364316637363363
61396139663535363531343965636637386133616530316466663831646236646132353364343439
39666165613261303664313064663035306231386137666534663662623661373936666161353064
65616436373430613438396133396538366431666261623864326666336166343034383366663864
32323739313664616464373235666535656536396539313239316161633666376465343631626565
35323564373462306337376463616536626534323738323765313232376433616562356230313230
61376430643131666265623564646334633233336566616138396533373731656564313436663963
63613532343361653333373864633165373337353766356237643034666132393864363164333664
34376339353264633739646530663036616161646264333838333638646231366536383163336531
31363762396433623233303231363633666162383261353864396138303239656262633463313137
39633964346331653831653665333738626431616538643263613936366239643938393533363631
31313132336362636130386664613666333565653661343233616634366530663333393431333933
63643131326338336265373361663566383937643030396530623635336633616265336639363965
36316564646338366364633763353965383038306131633939363763306139653639396530346139
30353966346238663162376136353238343763343538643539616533306262643664633538383235
31663735363730313238306332376336353231356231666634323630313836333037623833663563
66376438616336636664313335623131383263636137626334636562306439636136396638386263
33323633333561663436323866326533663636393931633732646464303736643965386137393436
33376230303839646430383730336464373937306134393934306164353434616334336539303938
34626635663461383465363439636563323936393730346437306166313437343934666663383834
31663765343837366461313639386438636530663163393930393339303765323730656234643166
38653565316461336438623564653639393861393061343938346163623634343432633430336332
62616435376135376436616365386366633463303638393638656535363934383564383762303837
66383964303134373332323730643539343263373137653961366662616132623064626163636261
62633663353566373832313665343837643631663466656633303533646465373131623230346365
31333864333832353537313436306163303161343362633464396333616131386635643366666563
31353439313636393665393133636238613163353833656335343066356334323231396363373236
37373366383538626135623831373132643061633030626235353965666635316630373564306436
38363434383536336639663234613632316636313036393162613639613531323635656632393139
36646535613234323464613738353239323330666266383863306537653963643265626266653264
64333365373830356163663763316637656666326364626237336463313734353062636361386462
37656364653364316663383165303765646632363230653163653661346535313432616330313964
37336161643563343166646362313930343239626336666633353663656563633634653432343038
33353936353162613534363538383134626233386366623366323231656461343835663865666261
39633261386533353438383236303739656137363132333562366431313335363962373364373236
34393065663739396464316265363833373432386534623661646537653962383034646238353462
31646235373164626532323736383339313164623965383638393034363965303165646136373131
36353734643961656536653561313564386433653730643235336562336361653635306261363063
35656234343965383336393933303234613165643437366436383665643864636533663130303634
62656237656262303961646438653861353663323731633134326565636131303636333266306262
34316466323064343436373865623331343537653333356334623732303163383263333635366565
32383933363264333739303630633330343162346665666462303065346330633239333435326361
62336432643134323664663738663364303730346361363766613634373732383038353937353538
61383466303638333461313763616638316238356235643466366237613137623564623966633266
33353066663639303464353965633438643962653661666535363630396638633834633531363736
31373265643566616633336533313166323330623039386538336233333564373735303735333333
62616432666232613138613463353061313964623734393837376634353061323661656439396237
64653564313064343139366438346265663839383365303135326431326333643765386463613465
63656239396130636632363363316165396236303035393931396334663361303739613237636163
64316139336232373836393838373335313837323536326262633530373336613738613566333736
34626464313666313366656435623139313065666534306138326136323239303335333064303635
31353664326636616163626337373764643633666561646536666434303665353930373737393236
35356161393538653531633564333066376637336339633664636436633461623133323933363736
66613332373963626335353633653963653931666338313436366230373865626466303732393965
32653266633433613761333961363033653037323230316534333539616239303065343638383466
66653961396265313762303834363735356561623736666665316431623462646437323939393963
63613462663235393139626463343530306662393938663039336432616163356235333037323661
64353433353966623539643930366666303739623934386430666230313032306461376261333366
39653064333335326662656563393531623832323437393438636135346531383331626438373761
34616135356461623164626631336535393063306435306439393237616666353233646130303063
62646433396332663935616538363037393638326233383965343762646137376435656539323166
35663833303433353063373866323931666138336434303861363063656636666362356637636333
35613165626437646636386139353262643037363535633462623439633438313935373639326238
32383335353063633030636134346635656539656334633466666664333039613130323930656233
63393832323939343734343334313630656665623230633835616262306231636366353231353139
37643931326364313636393734646630386339376433333063336234313638343466366233366562
35613131613539336334643539383533313137666330343731346631633033303431623061383666
33623338653164303764346362623866303434346432323439653163386236373666646639613864
32623363623237316164323336393437636335663064333431363334656661353961363833633763
35336239356462313161356438306464393935323662373538613261383438626333343133363832
37653630366330316364633964386165663666396166366461376439343239646137666437633861
31356662336134326666306338373566623632633634613832613836636564353534636462383839
63636334346332623538373639396561386631333533303633663931643939646264303162333239
31613461326433303738653662623336323233336566646337633164663636316564393230383330
30366334353133326130653937396236306438633131663766616234376232376136356165383063
66393065386638376237313139613035306631636538326261636537613734313064613139333063
31633866316662376135663265333562376666363036623564343630313261656462623966306264
32303636643930636335396233636433343731643863373833626633393030366235636231623531
38633036336164373763666331316661633137326238373064663163356635646162666637636161
65303930386532663033316263336565616264333263383562373064313537333234656139666261
38623262383636396539343633363632313333656463656430383233383436306136326139353639
32333235313036653365313934653861306635653661656437623831333964303162343662626637
37663931393966336538366631303465386130656334313533373064623736336434396335396533
30363562643232323861353534386237343634303138613636643065643431623538356664653438
65303830326134316336363934336531636261353037363736653863383330326238653866646365
64336465646338393433663332343936383034356632373432643964623231373638373337653562
62396635616464653162343135633432376331313963666637383166653662633164643034343030
303139636239663463636262653066376635
